HMM_MODEL_FILE_V2.0
Trained: 1
UseScaling: 0
NumInputDimensions: 1
NumOutputDimensions: 0
NumTrainingIterationsToConverge: 0
MinNumEpochs: 0
MaxNumEpochs: 100
ValidationSetSize: 20
LearningRate: 0.1
MinChange: 1e-005
UseValidationSet: 0
RandomiseTrainingOrder: 1
UseNullRejection: 0
ClassifierMode: 1
NullRejectionCoeff: 5
NumClasses: 7
NullRejectionThresholds: 0 0 0 0 0 0 0
ClassLabels: 1 2 3 4 5 6 7
NumStates: 4
NumSymbols: 20
ModelType: 1
Delta: 1
NumRandomTrainingIterations: 20
Model_ID: 1
NumStates: 4
NumSymbols: 20
ModelType: 1
Delta: 1
Threshold: -1000
NumRandomTrainingIterations: 5
MaxNumIter: 100
A:
0.844235	0.155765	0	0	
0	0.858155	0.141845	0	
0	0	0.927088	0.072912	
0	0	0	1	
B:
0.025	0.0250001	0.273177	0.025	0.0251102	0.135028	0.025	0.025	0.0756198	0.0250021	0.0450219	0.025	0.025	0.0401215	0.0464172	0.025	0.0250001	0.0256328	0.032814	0.0510548	
0.025	0.0360557	0.0259539	0.025	0.0844287	0.0365073	0.0250002	0.025	0.0250036	0.0359022	0.0493108	0.0250726	0.0251262	0.0254143	0.0250005	0.0250001	0.0257857	0.225318	0.19162	0.0385011	
0.025	0.188837	0.0250016	0.025	0.0290337	0.0250004	0.0944794	0.0336362	0.025	0.0531165	0.0250052	0.16517	0.0313149	0.0253498	0.025	0.100162	0.0255075	0.0283689	0.0250126	0.0250035	
0.026939	0.0308171	0.0514984	0.025	0.028878	0.105791	0.0326049	0.119057	0.0262927	0.0250002	0.0779991	0.025105	0.025	0.125579	0.025	0.0279284	0.0295243	0.0864014	0.0560238	0.0495605	
Pi:
1	0	0	0	
Model_ID: 2
NumStates: 4
NumSymbols: 20
ModelType: 1
Delta: 1
Threshold: -1000
NumRandomTrainingIterations: 5
MaxNumIter: 100
A:
0.54761	0.45239	0	0	
0	0.886144	0.113856	0	
0	0	0.635068	0.364932	
0	0	0	1	
B:
0.025	0.025	0.025	0.025	0.025	0.025	0.025	0.025	0.123253	0.025	0.0250056	0.025	0.025	0.025	0.025	0.025	0.025	0.0292425	0.0546444	0.392855	
0.0251106	0.025	0.0277779	0.0311236	0.025	0.0308835	0.0278796	0.0250048	0.0424881	0.025	0.04145	0.0313356	0.025	0.025	0.036596	0.0643003	0.025	0.026571	0.370923	0.0685566	
0.0250001	0.025	0.025	0.26673	0.025	0.0250001	0.0839284	0.0253755	0.0347334	0.025	0.0296573	0.0292319	0.025	0.025	0.0354655	0.124386	0.025	0.029047	0.0332329	0.083212	
0.0259571	0.0271974	0.0276855	0.0797564	0.0252442	0.0278719	0.128443	0.0603804	0.0385281	0.025	0.113896	0.109106	0.025	0.025	0.0358151	0.067571	0.025	0.04702	0.0417587	0.0437685	
Pi:
1	0	0	0	
Model_ID: 3
NumStates: 4
NumSymbols: 20
ModelType: 1
Delta: 1
Threshold: -1000
NumRandomTrainingIterations: 5
MaxNumIter: 100
A:
0.446604	0.553396	0	0	
0	0.38932	0.61068	0	
0	0	0.87057	0.12943	
0	0	0	1	
B:
0.025	0.025	0.025	0.025	0.025	0.025	0.025	0.025	0.401499	0.025	0.025	0.025	0.025	0.025	0.025	0.025	0.025	0.025	0.0253621	0.148138	
0.025	0.025	0.025	0.0250001	0.025	0.025	0.025	0.025	0.0368458	0.025	0.0250015	0.025	0.025	0.025	0.0250001	0.025	0.025	0.025	0.054137	0.484015	
0.0250235	0.0251195	0.025	0.0745358	0.0250053	0.025	0.0389978	0.0263164	0.045462	0.025	0.0273475	0.0268088	0.025131	0.025001	0.025356	0.0403603	0.0250599	0.0250002	0.361752	0.0827233	
0.0635057	0.0333765	0.039354	0.0307354	0.025349	0.025	0.0674837	0.0779301	0.0499876	0.025	0.0258923	0.0393127	0.0312734	0.0603597	0.0805886	0.0867944	0.0852039	0.0253501	0.0694576	0.0580453	
Pi:
1	0	0	0	
Model_ID: 4
NumStates: 4
NumSymbols: 20
ModelType: 1
Delta: 1
Threshold: -1000
NumRandomTrainingIterations: 5
MaxNumIter: 100
A:
0.765596	0.234404	0	0	
0	0.824137	0.175863	0	
0	0	0.817884	0.182116	
0	0	0	1	
B:
0.404879	0.025	0.025	0.025	0.0250002	0.025	0.025	0.025	0.0925121	0.025	0.025	0.025	0.0250018	0.025	0.0278417	0.025	0.0747648	0.025	0.025	0.025	
0.0316677	0.0281774	0.025	0.025	0.027852	0.025	0.025	0.025	0.0258208	0.025	0.025	0.025	0.0307819	0.025	0.0250127	0.025	0.505687	0.025	0.025	0.025	
0.0250009	0.0356063	0.025	0.025	0.0353698	0.025	0.025	0.025	0.025	0.0328751	0.025	0.025	0.486915	0.025	0.025	0.025	0.0342326	0.025	0.025	0.025	
0.025	0.178595	0.025	0.0420918	0.0268	0.025	0.025	0.025	0.025	0.332162	0.025	0.025	0.027987	0.025	0.025	0.025	0.0261718	0.0411923	0.025	0.025	
Pi:
1	0	0	0	
Model_ID: 5
NumStates: 4
NumSymbols: 20
ModelType: 1
Delta: 1
Threshold: -1000
NumRandomTrainingIterations: 5
MaxNumIter: 100
A:
0.822964	0.177036	0	0	
0	0.905638	0.0943619	0	
0	0	0.936099	0.0639007	
0	0	0	1	
B:
0.121983	0.025	0.025	0.0250001	0.025	0.025	0.025	0.0401602	0.0259011	0.025	0.025	0.025	0.025	0.025	0.41189	0.025	0.025	0.0250001	0.025	0.0250653	
0.0270801	0.025	0.025	0.0314805	0.0251026	0.025	0.025	0.298667	0.102443	0.025	0.025	0.025	0.025	0.025	0.131499	0.025	0.0250005	0.0298475	0.0252905	0.0535895	
0.0253285	0.147459	0.0271063	0.111441	0.132752	0.0250135	0.025	0.0251074	0.0321999	0.025	0.0250001	0.025	0.0289894	0.0250653	0.0257027	0.025	0.0401718	0.160701	0.025602	0.0423589	
0.0502961	0.0257237	0.101473	0.0718562	0.0250057	0.134324	0.025	0.025	0.067413	0.025	0.0292874	0.025	0.0250024	0.0271087	0.0327175	0.139476	0.0250023	0.0250002	0.0477237	0.072591	
Pi:
1	0	0	0	
Model_ID: 6
NumStates: 4
NumSymbols: 20
ModelType: 1
Delta: 1
Threshold: -1000
NumRandomTrainingIterations: 5
MaxNumIter: 100
A:
0.624896	0.375104	0	0	
0	0.887088	0.112912	0	
0	0	0.663538	0.336462	
0	0	0	1	
B:
0.459302	0.0331323	0.025	0.025	0.025	0.025	0.025	0.025	0.025	0.025	0.025	0.0250006	0.025	0.025	0.025	0.0825649	0.025	0.025	0.025	0.025	
0.0303779	0.0284948	0.025	0.027228	0.025	0.025	0.0297525	0.0270476	0.0262208	0.025	0.025	0.0264855	0.025	0.025	0.0313229	0.49806	0.025	0.025	0.025001	0.0250089	
0.0507151	0.025	0.025	0.0315684	0.025	0.025	0.0280342	0.0329773	0.235481	0.025	0.0250098	0.025	0.025	0.025	0.23733	0.0334125	0.025	0.025	0.0279612	0.0475103	
0.029731	0.025	0.025	0.0255022	0.025	0.025494	0.0265391	0.0762837	0.0900234	0.025	0.0279627	0.025	0.025	0.025	0.148385	0.0279761	0.025	0.0284578	0.183727	0.109918	
Pi:
1	0	0	0	
Model_ID: 7
NumStates: 4
NumSymbols: 20
ModelType: 1
Delta: 1
Threshold: -1000
NumRandomTrainingIterations: 5
MaxNumIter: 100
A:
0.600463	0.399537	0	0	
0	0.868946	0.131054	0	
0	0	0.760198	0.239802	
0	0	0	1	
B:
0.403373	0.0344697	0.025	0.025	0.025	0.025	0.025	0.025	0.0250008	0.025	0.025	0.025	0.0251881	0.025	0.0250001	0.0399826	0.121986	0.025	0.025	0.025	
0.0437558	0.0425746	0.0250024	0.025	0.025	0.025	0.025	0.0250033	0.0250664	0.025	0.025	0.025	0.0462112	0.0250015	0.0255784	0.025	0.466806	0.025	0.025	0.025	
0.239284	0.0291253	0.0442865	0.0250005	0.0250007	0.025	0.025	0.032943	0.0375856	0.025	0.025	0.025	0.0250429	0.0345194	0.251545	0.025	0.0306525	0.0250067	0.025	0.0250084	
0.0379441	0.0808691	0.104662	0.0822573	0.102037	0.0267351	0.025	0.0521879	0.0443497	0.025	0.025347	0.025	0.0343694	0.135983	0.0395987	0.025347	0.0388809	0.043391	0.025	0.0260401	
Pi:
1	0	0	0	
