HMM_MODEL_FILE_V2.0
Trained: 1
UseScaling: 0
NumInputDimensions: 1
NumOutputDimensions: 0
NumTrainingIterationsToConverge: 0
MinNumEpochs: 0
MaxNumEpochs: 100
ValidationSetSize: 20
LearningRate: 0.1
MinChange: 1e-005
UseValidationSet: 0
RandomiseTrainingOrder: 1
UseNullRejection: 0
ClassifierMode: 1
NullRejectionCoeff: 5
NumClasses: 7
NullRejectionThresholds:  0 0 0 0 0 0 0
ClassLabels:  1 2 3 4 5 6 7
NumStates: 4
NumSymbols: 20
ModelType: 1
Delta: 1
NumRandomTrainingIterations: 20
Model_ID: 1
NumStates: 4
NumSymbols: 20
ModelType: 1
Delta: 1
Threshold: -1000.0
NumRandomTrainingIterations: 5
MaxNumIter: 100
A: 
0.86952 0.13048 0.0 0.0
0.0 0.897378 0.102622 0.0
0.0 0.0 0.921955 0.0780448
0.0 0.0 0.0 1.0
B: 
0.0325276 0.0250117 0.0321506 0.0294704 0.0841794 0.025 0.035039 0.0250001 0.305097 0.066396 0.0250005 0.025 0.025 0.025 0.0262546 0.025 0.025 0.113741 0.0251321 0.0250001
0.026746 0.11548 0.195708 0.116052 0.0376593 0.025087 0.101204 0.0316092 0.0286968 0.025005 0.0292082 0.0250236 0.025 0.0250002 0.025 0.0250001 0.025 0.0252651 0.0652743 0.0269814
0.035005 0.0319776 0.0251645 0.0251425 0.0250263 0.0271853 0.030662 0.179262 0.0250002 0.0251559 0.0728318 0.200437 0.0255354 0.0935833 0.0395007 0.027555 0.025 0.0291588 0.0280706 0.0287464
0.084433 0.0536074 0.0690627 0.047813 0.0519897 0.025 0.0887169 0.031028 0.0761081 0.100792 0.0250003 0.0257115 0.0250921 0.0274478 0.0805047 0.0280843 0.025 0.0785055 0.0311035 0.025
Pi: 
1.0 0.0 0.0 0.0
Model_ID: 2
NumStates: 4
NumSymbols: 20
ModelType: 1
Delta: 1
Threshold: -1000.0
NumRandomTrainingIterations: 5
MaxNumIter: 100
A: 
0.889285 0.110715 0.0 0.0
0.0 0.776615 0.223385 0.0
0.0 0.0 0.983006 0.0169944
0.0 0.0 0.0 1.0
B: 
0.031746 0.0279955 0.302162 0.0294031 0.0261253 0.025 0.213973 0.025 0.0398182 0.025 0.025 0.0250872 0.025 0.0250002 0.0272328 0.025 0.025 0.025 0.0250026 0.0264544
0.0627803 0.0292718 0.0338521 0.320232 0.0307359 0.025 0.0330416 0.025 0.0309151 0.025 0.0264591 0.0352445 0.0250209 0.0302088 0.0824963 0.025 0.027018 0.0250001 0.0297377 0.077986
0.0283462 0.0312392 0.030558 0.056011 0.103936 0.025 0.0268904 0.0262212 0.0319798 0.025 0.0327674 0.1334 0.0746435 0.0802918 0.0307183 0.025 0.0931592 0.0268504 0.0432714 0.0747168
0.139231 0.0489015 0.118743 0.0252345 0.0307846 0.025 0.12818 0.0250137 0.0485779 0.030748 0.0250324 0.0261442 0.0250071 0.0351947 0.140612 0.025 0.0250002 0.025 0.0261563 0.0264394
Pi: 
1.0 0.0 0.0 0.0
Model_ID: 3
NumStates: 4
NumSymbols: 20
ModelType: 1
Delta: 1
Threshold: -1000.0
NumRandomTrainingIterations: 5
MaxNumIter: 100
A: 
0.618863 0.381137 0.0 0.0
0.0 0.866046 0.133954 0.0
0.0 0.0 0.940934 0.0590663
0.0 0.0 0.0 1.0
B: 
0.025 0.145174 0.0439272 0.0638717 0.0250787 0.025 0.323546 0.025 0.025 0.025 0.025 0.025 0.025 0.025 0.0283433 0.025 0.025 0.025 0.0316866 0.0383722
0.0250001 0.025226 0.383957 0.125647 0.0574415 0.025 0.0311565 0.025 0.0253997 0.025 0.025 0.025 0.025 0.0250001 0.025001 0.025 0.025 0.025 0.025 0.0261714
0.0294773 0.0283461 0.0286776 0.0650757 0.0293759 0.0662373 0.0427839 0.040867 0.0368766 0.0310324 0.041495 0.099633 0.0518043 0.0804244 0.0476607 0.0538662 0.077234 0.0503326 0.0353093 0.0634906
0.163497 0.0255999 0.074777 0.031439 0.0250002 0.025 0.0820214 0.0926459 0.0371447 0.102363 0.025 0.0284316 0.025 0.0257092 0.102906 0.025 0.025 0.0334639 0.025 0.025
Pi: 
1.0 0.0 0.0 0.0
Model_ID: 4
NumStates: 4
NumSymbols: 20
ModelType: 1
Delta: 1
Threshold: -1000.0
NumRandomTrainingIterations: 5
MaxNumIter: 100
A: 
0.932771 0.0672295 0.0 0.0
0.0 9.88059E-5 0.999901 0.0
0.0 0.0 0.828835 0.171165
0.0 0.0 0.0 1.0
B: 
0.0452242 0.0331043 0.025 0.025 0.025 0.0345206 0.0834042 0.40891 0.025 0.025 0.0270236 0.025 0.025 0.025 0.025 0.025 0.025 0.025 0.0257263 0.0420864
0.0266289 0.0258556 0.025 0.025 0.025 0.235929 0.0253763 0.257613 0.025 0.025 0.0257553 0.025 0.025 0.025 0.025 0.025 0.025 0.025 0.0262649 0.0765776
0.0261269 0.0262764 0.025 0.025 0.025 0.448072 0.0251047 0.0625615 0.025 0.025 0.0313278 0.025 0.025 0.025 0.025 0.025 0.025 0.025 0.027147 0.0533836
0.0250598 0.0287687 0.0256164 0.0293147 0.025 0.0259732 0.0496739 0.0384123 0.0256164 0.025 0.217446 0.025 0.025 0.025 0.025 0.025 0.025 0.025 0.0277977 0.281321
Pi: 
1.0 0.0 0.0 0.0
Model_ID: 5
NumStates: 4
NumSymbols: 20
ModelType: 1
Delta: 1
Threshold: -1000.0
NumRandomTrainingIterations: 5
MaxNumIter: 100
A: 
0.841408 0.158592 0.0 0.0
0.0 0.814134 0.185866 0.0
0.0 0.0 0.714266 0.285734
0.0 0.0 0.0 1.0
B: 
0.508674 0.025 0.025 0.025 0.025 0.025 0.0265376 0.025 0.025 0.0360571 0.025 0.0280498 0.025 0.025 0.0256813 0.025 0.025 0.025 0.025 0.025
0.0349202 0.025 0.025 0.025 0.025 0.025 0.0252155 0.025 0.0269048 0.289269 0.025 0.0250001 0.0250001 0.0261317 0.247492 0.0250169 0.025 0.0250492 0.025 0.025
0.128024 0.0250135 0.0250042 0.0262203 0.025 0.025 0.0276183 0.025 0.0594752 0.052139 0.025 0.025 0.0359896 0.11915 0.0800049 0.0991522 0.025 0.121868 0.0250059 0.0253356
0.123317 0.065244 0.0557038 0.0299536 0.0553571 0.0265612 0.126465 0.0366224 0.104342 0.0250001 0.0291633 0.0485918 0.025 0.0288334 0.0251802 0.0251736 0.0256939 0.0311955 0.0496323 0.0629686
Pi: 
1.0 0.0 0.0 0.0
Model_ID: 6
NumStates: 4
NumSymbols: 20
ModelType: 1
Delta: 1
Threshold: -1000.0
NumRandomTrainingIterations: 5
MaxNumIter: 100
A: 
0.770493 0.229507 0.0 0.0
0.0 0.850306 0.149694 0.0
0.0 0.0 0.748585 0.251415
0.0 0.0 0.0 1.0
B: 
0.300976 0.025 0.0250001 0.025 0.025 0.025 0.0254613 0.172282 0.0250281 0.025 0.0310354 0.0814655 0.0252805 0.0257545 0.0315725 0.025 0.0311325 0.025 0.025 0.0250114
0.0298014 0.0250698 0.0250381 0.0252236 0.025066 0.025 0.0262755 0.02865 0.0256042 0.0250501 0.0282188 0.387114 0.0308113 0.090269 0.0359828 0.025 0.0641488 0.025 0.025 0.0276766
0.163689 0.0260899 0.0279777 0.0306839 0.0283264 0.025 0.0462912 0.026266 0.0429017 0.0263289 0.0250679 0.0360494 0.0279365 0.0599412 0.264884 0.025 0.031225 0.025 0.025 0.0363418
0.0669561 0.0316779 0.124169 0.140322 0.0342325 0.025 0.0730419 0.0250723 0.0532129 0.0276766 0.0250003 0.0258169 0.0324431 0.0715119 0.105551 0.025 0.0251615 0.025 0.025 0.0381544
Pi: 
1.0 0.0 0.0 0.0
Model_ID: 7
NumStates: 4
NumSymbols: 20
ModelType: 1
Delta: 1
Threshold: -1000.0
NumRandomTrainingIterations: 5
MaxNumIter: 100
A: 
0.892596 0.107404 0.0 0.0
0.0 0.831258 0.168742 0.0
0.0 0.0 0.936454 0.0635456
0.0 0.0 0.0 1.0
B: 
0.0448785 0.025 0.025 0.025 0.025 0.0461267 0.0254642 0.447458 0.0250561 0.0250298 0.0305213 0.0537791 0.025 0.025 0.025 0.0250008 0.0266783 0.0250058 0.0250007 0.0250006
0.242996 0.025 0.025 0.025 0.0250001 0.209768 0.0326618 0.0869042 0.0318242 0.0300631 0.0295688 0.0277607 0.0250054 0.0250005 0.025 0.0264666 0.025672 0.026294 0.0266522 0.0283623
0.087627 0.0252934 0.025 0.0250628 0.02502 0.025306 0.0293125 0.0275175 0.0289446 0.27869 0.0259371 0.025 0.0256098 0.0289247 0.0351034 0.0754661 0.025 0.12386 0.0261456 0.0311796
0.0417093 0.087938 0.025 0.0253135 0.0291724 0.0343288 0.138658 0.0802019 0.133946 0.0264391 0.0297038 0.025 0.0250066 0.0266409 0.0315541 0.0289019 0.025 0.0479029 0.0909481 0.0466353
Pi: 
1.0 0.0 0.0 0.0